4
5
7
10
12
15
22
23
25
26
28
30
31
32
33
34
35
37
39
47
55
57
59
61
62
66
73
74
81
87
91
96
98
102
110
113
114
118
120
121
122
129
130
131
134
135
138
139
142
143
144
153
154
155
163
167
171
175
180
183
190
193
202
206
207
216
219
221
223
224
225
230
232
234
235
236
240
241
243
246
251
254
255
261
262
263
265
267
268
269
272
274
276
277
278
282
284
286
290
292
294
295
297
298
302
303
304
307
308
309
312
313
316
317
318
320
321
324
326
328
330
335
336
344
347
348
349
351
353
354
356
358
359
360
362
363
364
365
366
367
368
369
370
371
372
374
375
376
377
380
381
382
385
387
392
395
397
398
399
400
401
402
405
406
407
408
409
410
411
412
416
417
423
427
429
432
434
438
439
440
441
442
443
446
448
453
454
456
457
458
459
460
464
465
466
467
469
473
474
475
476
477
481
482
483
484
485
486
487
488
490
491
492
493
495
496
497
498
499
501
502
504
506
507
508
509
510
512
513
514
515
516
517
519
521
522
525
526
528
529
532
533
534
535
536
537
538
539
540
541
542
543
544
545
546
547
555
556
558
561
562
563
565
566
567
568
569
570
572
573
574
576
577
578
579
581
582
584
585
586
587
588
589
590
591
592
594
595
597
598
599
600
601
602
603
604
605
606
607
608
610
611
614
615
616
617
618
619
620
621
622
623
625
626
627
629
630
631
632
634
635
638
639
640
641
642
643
644
645
646
647
648
649
651
652
655
656
659
660
661
662
663
664
665
666
667
668
669
672
673
674
675
676
677
679
680
682
683
685
686
687
688
690
691
692
694
695
696
697
698
700
701
702
703
704
705
706
707
708
709
710
711
712
713
714
715
716
717
718
719
720
721
722
723
724
725
726
728
729
730
731
732
733
734
735
736
737
738
739
740
741
742
744
745
746
747
748
749
750
751
752
753
754
755
756
757
758
759
760
761
762
763
764
765
766
767
768
769
770
771
772
773
774
775
776
777
779
780
781
782
783
784
785
786
787
788
790
791
792
793
794
795
796
797
798
799
800
801
802
803
804
805
806
807
808
809
810
811
812
813
814
816
817
818
819
820
821
823
824
825
826
827
828
830
831
832
833
834
835
836
837
838
839
840
841
842
843
844
845
846
847
848
849
850
851
852
853
854
855
856
857
859
860
861
862
863
864
865
867
868
870
871
872
873
874
875
876
877
878
879
880
881
882
883
884
885
886
888
889
890
891
892
893
894
